27
84
158
179
91
14
138
189
17
118
66
181
192
164
8
31
21
18
76
80
174
65
114
12
37
13
170
28
129
60
22
71
75
133
148
128
3
30
55
156
26
100
16
194
29
72
67
168
82
110
154
95
101
124
141
134
111
50
34
40
147
152
155
197
116
145
177
112
36
125
98
83
1
38
94
140
166
173
176
137
182
109
113
32
44
115
172
105
132
199
11
39
51
73
77
161
46
64
146
130
135
183
102
126
159
5
42
163
103
7
4
62
153
131
93
45
121
90
74
20
99
68
165
119
175
70
6
196
24
19
53
49
59
104
86
142
79
157
143
136
96
56
122
78
190
127
23
15
57
178
117
195
58
185
171
193
87
92
162
188
186
151
139
108
187
81
33
52
120
191
2
150
107
63
25
61
180
85
184
69
167
149
198
10
48
54
9
88
144
41
35
200
47
89
97
160
106
123
43
169