1
2
3
4
5
6
7
8
9
10
188
12
13
14
15
16
17
18
19
20
171
22
23
24
25
114
27
138
70
30
31
32
33
34
35
36
37
38
39
192
41
42
43
44
45
74
47
48
49
50
51
52
53
54
142
56
57
58
59
60
61
62
63
148
65
67
66
178
69
29
71
72
91
46
75
76
77
78
79
80
81
82
184
84
85
86
87
88
89
90
73
152
93
94
95
96
97
98
99
100
101
102
103
104
143
106
107
108
109
110
111
112
113
26
115
116
117
118
119
120
121
122
123
124
125
126
127
128
129
187
131
175
133
134
135
136
137
177
139
140
168
55
105
144
145
146
147
64
149
150
151
92
153
154
197
156
157
158
159
160
161
162
163
164
165
166
167
141
169
170
21
172
173
174
132
176
28
68
179
180
181
182
183
83
185
186
130
11
189
190
191
40
193
194
195
196
155
198
199
200